% -------------------------------------------------------------------
%  Generated by MATLAB on 24-Apr-2019 10:51:25
%  MATLAB version: 9.5.0.1049112 (R2018b) Update 3
% -------------------------------------------------------------------
                               

beta_f = 100;

beta_r = 6.092;

c_f = 2.5E-11;

c_l = 1E-10;

i_Lo = 0.0057454545454545449;

i_b1 = 0.00016414970453053183;

i_b2 = 0.0011641497045305317;

i_b3 = 0.0016371036841044569;

i_br = 0.001091402456069638;

i_c2 = 0.0015643564356435629;

i_c3max = 0.1637103684104457;

i_cmax = 0.001;

i_e2 = 0.0027285061401740949;

i_n1 = 0.001;

i_no = 0.0014363636363636362;

i_r = 0.001091402456069638;

isDesignValid = true;

k_ODF = 28.493893235995298;

n = 4;

nm_h = 1.15;

nm_l = 1.2;

r_1 = 16753;

r_2 = 2525.0000000000023;

r_3 = 832.87333187199681;

r_4 = 550;

r_5 = 2534.9646697974235;

r_6 = 416.43666593599841;

r_b = 687.189217716169;

r_l = 850;

t_dmax = 1E-8;

t_f = 5.173013236521E-8;

t_pd = 1.6500824561969709E-7;

t_phl = 6.173013236521E-8;

t_plh = 2.6828635887418422E-7;

t_r = 4.3286358874184241E-8;

t_smax = 2.25E-7;

tao_f = 8.5000000000000007E-8;

tao_r = 1.4E-7;

v_bc = 0.75;

v_be = 0.75;

v_cc = 5;

v_ce = 0.3;

v_ih = 2.25;

v_il = 1.5;

v_oh = 3.4;

v_ol = 0.3;

vo_mid = 1.55;

